Media: 242.32
Mediana: 239.5
Moda: [393.0, 170.0]
Varianza: 21099.917599999997
Desviación estándar: 145.25810683056557
Tiempo transcurrido: 0.00139 segundos